1 713 1682 1 736 1270 1 680 1120 1 640 1002 1 614 880
1 713 1668 1 768 1308 1 742 1199 1 732 1114 1 724 1024
1 686 1660 1 794 1341 1 804 1314 1 770 1322 1 737 1332
1 666 1672 1 784 1270 1 765 1109 1 737 1005 1 728 897
1 666 1672 1 794 1341 1 742 1223 1 742 1351 1 770 1436
1 661 1658 1 789 1261 1 775 1119 1 784 1029 1 799 939
1 647 1658 1 709 1256 1 699 1095 1 694 977 1 699 868
1 666 1677 1 709 1332 1 638 1242 1 590 1209 1 538 1176
1 661 1663 1 761 1266 1 756 1147 1 756 1095 1 765 1152
1 642 1668 1 515 1294 1 382 1204 1 297 1152 1 226 1086
1 661 1658 1 505 1303 1 373 1228 1 278 1176 1 207 1119
1 666 1654 1 751 1289 1 737 1138 1 728 1034 1 713 920
1 638 1706 1 761 1355 1 775 1204 1 803 1091 1 841 977
1 633 1663 1 770 1313 1 775 1152 1 789 1048 1 799 934
1 595 1672 1 690 1275 1 694 1124 1 694 1024 1 709 920
1 614 1701 1 709 1303 1 728 1157 1 742 1053 1 770 949
1 609 1682 1 723 1299 1 723 1152 1 723 1038 1 737 930
1 609 1677 1 699 1299 1 680 1152 1 661 1048 1 647 944
1 619 1677 1 704 1303 1 713 1143 1 732 1038 1 742 949
1 595 1696 1 666 1313 1 638 1171 1 609 1067 1 595 963
1 590 1687 1 694 1313 1 694 1161 1 704 1057 1 713 953
1 586 1687 1 685 1318 1 675 1180 1 661 1076 1 652 968
1 619 1701 1 723 1322 1 704 1176 1 709 1076 1 685 968