1 1068 2394 1 1314 1874 1 1394 1700 1 1467 1541 1 1556 1404
1 1048 2390 1 1248 1814 1 1296 1590 1 1343 1410 1 1384 1262
1 1006 2464 1 1178 1976 1 1204 1943 1 1246 1867 1 1301 1749
1 1000 2456 1 1204 1959 1 1232 1833 1 1280 1701 1 1343 1562
1 1010 2418 1 1234 1868 1 1276 1648 1 1314 1490 1 1366 1328
1 1010 2414 1 1218 1874 1 1267 1652 1 1315 1486 1 1363 1327
1 976 2421 1 1135 1881 1 1073 1687 1 1052 1521 1 1038 1334
1 969 2428 1 1100 1915 1 1066 1770 1 1031 1618 1 1003 1437
1 955 2442 1 1100 1846 1 1059 1618 1 1038 1451 1 1024 1306
1 879 2476 1 1017 1922 1 976 1714 1 941 1548 1 920 1396
1 851 2476 1 976 1908 1 1003 1680 1 1003 1534 1 1045 1389