1 1068 2394 1 1314 1874 1 1394 1700 1 1467 1541 1 1556 1404
1 1048 2390 1 1248 1814 1 1296 1590 1 1343 1410 1 1384 1262
1 1010 2418 1 1234 1868 1 1276 1648 1 1314 1490 1 1366 1328
1 1010 2414 1 1218 1874 1 1267 1652 1 1315 1486 1 1363 1327
1 666 1672 1 784 1270 1 765 1109 1 737 1005 1 728 897
1 661 1658 1 789 1261 1 775 1119 1 784 1029 1 799 939
1 647 1658 1 709 1256 1 699 1095 1 694 977 1 699 868
1 976 2421 1 1135 1881 1 1073 1687 1 1052 1521 1 1038 1334
1 969 2428 1 1100 1915 1 1066 1770 1 1031 1618 1 1003 1437
1 955 2442 1 1100 1846 1 1059 1618 1 1038 1451 1 1024 1306
1 666 1654 1 751 1289 1 737 1138 1 728 1034 1 713 920
1 638 1706 1 761 1355 1 775 1204 1 803 1091 1 841 977
1 595 1672 1 690 1275 1 694 1124 1 694 1024 1 709 920
1 614 1701 1 709 1303 1 728 1157 1 742 1053 1 770 949
1 609 1682 1 723 1299 1 723 1152 1 723 1038 1 737 930
1 609 1677 1 699 1299 1 680 1152 1 661 1048 1 647 944
1 619 1677 1 704 1303 1 713 1143 1 732 1038 1 742 949
1 590 1687 1 694 1313 1 694 1161 1 704 1057 1 713 953
1 586 1687 1 685 1318 1 675 1180 1 661 1076 1 652 968
1 619 1701 1 723 1322 1 704 1176 1 709 1076 1 685 968