1 1038 2442 1 1066 1867 1 1003 1645 1 948 1472 1 899 1278
1 1068 2394 1 1314 1874 1 1394 1700 1 1467 1541 1 1556 1404	
1 1038 2456 1 1107 1922 1 1086 1763 1 1073 1638 1 1052 1486
1 1048 2390 1 1248 1814 1 1296 1590 1 1343 1410 1 1384 1262	
1 1017 2428 1 1024 1888 1 1017 1749 1 996 1631 1 962 1486
1 1006 2464 1 1178 1976 1 1204 1943 1 1246 1867 1 1301 1749	
1 1000 2456 1 1204 1959 1 1232 1833 1 1280 1701 1 1343 1562	
1 1010 2418 1 1234 1868 1 1276 1648 1 1314 1490 1 1366 1328	
1 1010 2414 1 1218 1874 1 1267 1652 1 1315 1486 1 1363 1327	
1 976 2463 1 1149 1846 1 1128 1618 1 1079 1458 1 1059 1313
1 976 2442 1 1163 2012 1 1100 1825 1 1073 1929 1 1107 2095
1 969 2421 1 1135 1853 1 1142 1638 1 1149 1514 1 1176 1368
1 948 2428 1 1038 1839 1 1031 1604 1 1010 1437 1 1031 1264
1 969 2442 1 1017 1950 1 927 1832 1 865 1763 1 789 1728
1 962 2428 1 1114 1881 1 1100 1673 1 1100 1590 1 1114 1694
1 976 2421 1 1135 1881 1 1073 1687 1 1052 1521 1 1038 1334	
1 969 2428 1 1100 1915 1 1066 1770 1 1031 1618 1 1003 1437	
1 955 2442 1 1100 1846 1 1059 1618 1 1038 1451 1 1024 1306	
1 948 2442 1 747 1908 1 560 1763 1 435 1680 1 331 1576
1 962 2414 1 754 1895 1 532 1805 1 408 1721 1 290 1645
1 989 2428 1 1093 1860 1 1079 1673 1 1052 1500 1 1052 1347
1 927 2497 1 1086 1978 1 1142 1756 1 1183 1583 1 1225 1424
1 920 2421 1 1128 1901 1 1142 1680 1 1149 1527 1 1176 1361
1 879 2456 1 996 1874 1 1003 1659 1 1017 1479 1 1031 1340
1 892 2469 1 1038 1901 1 1066 1687 1 1086 1514 1 1128 1368
1 899 2456 1 1045 1908 1 1059 1673 1 1059 1507 1 1079 1361
1 886 2456 1 1024 1901 1 989 1687 1 969 1534 1 941 1375
1 899 2463 1 1024 1901 1  1045 1673 1 1066 1514 1 1093 1375
1 879 2476 1 1017 1922 1 976 1714 1 941 1548 1 920 1396	
1 865 2463 1 976 1922 1 934 1701 1 899 1555 1 879 1403
1 851 2476 1 976 1908 1 1003 1680 1 1003 1534 1 1045 1389 	
1 865 2476 1 1010 1936 1 1003 1708 1 1010 1548 1 1038 1396
1 972 2483 1 996 1943 1 989 1735 1 962 1569 1 948 1424
1 913 2483 1 1059 1929 1 1031 1728 1 1010 1569 1 1003 1417