1.407932639122009277e-01
1.407932639122009277e-01
2.152869999408721924e-01
2.159958928823471069e-01
3.016557395458221436e-01
2.220259308815002441e-01
2.048782557249069214e-01
1.479967981576919556e-01
1.779148727655410767e-01
1.881253421306610107e-01
1.382619738578796387e-01
1.780317872762680054e-01
1.762713491916656494e-01
1.712542772293090820e-01
1.452252715826034546e-01
1.451453417539596558e-01
1.573394984006881714e-01
1.726324409246444702e-01
2.035995870828628540e-01
2.151830792427062988e-01
2.443786859512329102e-01
1.912635862827301025e-01
2.242545783519744873e-01
2.370342910289764404e-01
1.610069423913955688e-01
1.704036593437194824e-01
3.166343569755554199e-01
1.726180315017700195e-01
1.882797032594680786e-01
1.670332252979278564e-01
2.234039455652236938e-01
2.087208628654479980e-01
1.541686803102493286e-01
1.503758281469345093e-01
1.676049381494522095e-01
1.572302579879760742e-01
1.478115767240524292e-01
1.508894711732864380e-01
1.872919350862503052e-01
1.502053886651992798e-01
1.615017503499984741e-01
1.648165732622146606e-01
1.577638834714889526e-01
4.927091896533966064e-01
2.517750263214111328e-01
6.246637701988220215e-01
4.681585431098937988e-01
2.663027048110961914e-01
1.852064728736877441e-01
1.435749232769012451e-01
1.872721910476684570e-01
1.555257141590118408e-01
1.875296831130981445e-01
4.298992156982421875e-01
2.493142336606979370e-01
2.093748748302459717e-01
